//notes:Eyaslunas that I want
dimwishlist:item=235827225&perks=1926090092,1561002382,2846385770,588594999
dimwishlist:item=235827225&perks=1926090093,1561002382,2846385770,588594999
dimwishlist:item=235827225&perks=1926090095,1561002382,2846385770,588594999
dimwishlist:item=235827225&perks=1926090094,1561002382,2846385770,588594999
dimwishlist:item=235827225&perks=1926090092,679225683,2846385770,588594999
dimwishlist:item=235827225&perks=1926090093,679225683,2846385770,588594999
dimwishlist:item=235827225&perks=1926090095,679225683,2846385770,588594999
dimwishlist:item=235827225&perks=1926090094,679225683,2846385770,588594999
dimwishlist:item=235827225&perks=1926090092,1561002382,1428297954,588594999
dimwishlist:item=235827225&perks=1926090093,1561002382,1428297954,588594999
dimwishlist:item=235827225&perks=1926090095,1561002382,1428297954,588594999
dimwishlist:item=235827225&perks=1926090094,1561002382,1428297954,588594999
dimwishlist:item=235827225&perks=1926090092,679225683,1428297954,588594999
dimwishlist:item=235827225&perks=1926090093,679225683,1428297954,588594999
dimwishlist:item=235827225&perks=1926090095,679225683,1428297954,588594999
dimwishlist:item=235827225&perks=1926090094,679225683,1428297954,588594999
dimwishlist:item=235827225&perks=1926090092,1561002382,2846385770,957782887
dimwishlist:item=235827225&perks=1926090093,1561002382,2846385770,957782887
dimwishlist:item=235827225&perks=1926090095,1561002382,2846385770,957782887
dimwishlist:item=235827225&perks=1926090094,1561002382,2846385770,957782887
dimwishlist:item=235827225&perks=1926090092,679225683,2846385770,957782887
dimwishlist:item=235827225&perks=1926090093,679225683,2846385770,957782887
dimwishlist:item=235827225&perks=1926090095,679225683,2846385770,957782887
dimwishlist:item=235827225&perks=1926090094,679225683,2846385770,957782887
dimwishlist:item=235827225&perks=1926090092,1561002382,1428297954,957782887
dimwishlist:item=235827225&perks=1926090093,1561002382,1428297954,957782887
dimwishlist:item=235827225&perks=1926090095,1561002382,1428297954,957782887
dimwishlist:item=235827225&perks=1926090094,1561002382,1428297954,957782887
dimwishlist:item=235827225&perks=1926090092,679225683,1428297954,957782887
dimwishlist:item=235827225&perks=1926090093,679225683,1428297954,957782887
dimwishlist:item=235827225&perks=1926090095,679225683,1428297954,957782887
dimwishlist:item=235827225&perks=1926090094,679225683,1428297954,957782887

//notes:My ideal BxR
dimwishlist:item=2708806099&perks=839105230,3142289711,1428297954,2846385770
dimwishlist:item=2708806099&perks=839105230,1885400500,1428297954,2846385770
dimwishlist:item=2708806099&perks=839105230,679225683,1428297954,2846385770
